saved_date: 2025-12-03 13:31:30
test_accuracy: 0.9047999978065491
test_loss: 0.42724302411079407
best_val_accuracy: 0.9067999720573425
total_epochs_trained: 209
final_epoch: 209
note: Model achieved >90% on CIFAR-10 | Auto resume if interrupted | Keras 3+ ready
